{
  "generated_at": "2026-03-15T14:07:10.653435",
  "data_source": "theme-analyzer investor_data foreign_net history",
  "method": "pearson (외국인 순매수 시계열 기반)",
  "period_days": 10,
  "stocks": [
    {
      "code": "000660",
      "name": "SK하이닉스"
    },
    {
      "code": "005930",
      "name": "삼성전자"
    },
    {
      "code": "373220",
      "name": "LG에너지솔루션"
    },
    {
      "code": "086520",
      "name": "에코프로비엠"
    },
    {
      "code": "000270",
      "name": "기아"
    },
    {
      "code": "005380",
      "name": "현대차"
    },
    {
      "code": "034020",
      "name": "두산에너빌리티"
    },
    {
      "code": "003670",
      "name": "포스코홀딩스"
    },
    {
      "code": "006400",
      "name": "삼성SDI"
    },
    {
      "code": "079550",
      "name": "LG화학"
    }
  ],
  "matrix": [
    [
      1.0,
      0.935,
      -0.274,
      -0.256,
      0.126,
      -0.391,
      0.377,
      -0.299,
      -0.276,
      0.004
    ],
    [
      0.935,
      1.0,
      -0.215,
      -0.187,
      0.368,
      -0.242,
      0.333,
      -0.523,
      -0.153,
      -0.104
    ],
    [
      -0.274,
      -0.215,
      1.0,
      0.404,
      0.56,
      0.437,
      -0.257,
      -0.132,
      0.674,
      -0.624
    ],
    [
      -0.256,
      -0.187,
      0.404,
      1.0,
      0.54,
      0.319,
      -0.277,
      -0.261,
      0.744,
      -0.2
    ],
    [
      0.126,
      0.368,
      0.56,
      0.54,
      1.0,
      0.251,
      -0.202,
      -0.743,
      0.599,
      -0.625
    ],
    [
      -0.391,
      -0.242,
      0.437,
      0.319,
      0.251,
      1.0,
      0.256,
      -0.019,
      0.796,
      -0.24
    ],
    [
      0.377,
      0.333,
      -0.257,
      -0.277,
      -0.202,
      0.256,
      1.0,
      0.176,
      -0.0,
      0.309
    ],
    [
      -0.299,
      -0.523,
      -0.132,
      -0.261,
      -0.743,
      -0.019,
      0.176,
      1.0,
      -0.211,
      0.508
    ],
    [
      -0.276,
      -0.153,
      0.674,
      0.744,
      0.599,
      0.796,
      -0.0,
      -0.211,
      1.0,
      -0.509
    ],
    [
      0.004,
      -0.104,
      -0.624,
      -0.2,
      -0.625,
      -0.24,
      0.309,
      0.508,
      -0.509,
      1.0
    ]
  ],
  "high_correlation_pairs": [
    {
      "code_a": "000660",
      "name_a": "SK하이닉스",
      "code_b": "005930",
      "name_b": "삼성전자",
      "correlation": 0.935,
      "type": "양의 상관"
    },
    {
      "code_a": "005380",
      "name_a": "현대차",
      "code_b": "006400",
      "name_b": "삼성SDI",
      "correlation": 0.796,
      "type": "양의 상관"
    },
    {
      "code_a": "086520",
      "name_a": "에코프로비엠",
      "code_b": "006400",
      "name_b": "삼성SDI",
      "correlation": 0.744,
      "type": "양의 상관"
    },
    {
      "code_a": "000270",
      "name_a": "기아",
      "code_b": "003670",
      "name_b": "포스코홀딩스",
      "correlation": -0.743,
      "type": "음의 상관"
    },
    {
      "code_a": "373220",
      "name_a": "LG에너지솔루션",
      "code_b": "006400",
      "name_b": "삼성SDI",
      "correlation": 0.674,
      "type": "양의 상관"
    },
    {
      "code_a": "000270",
      "name_a": "기아",
      "code_b": "079550",
      "name_b": "LG화학",
      "correlation": -0.625,
      "type": "음의 상관"
    },
    {
      "code_a": "373220",
      "name_a": "LG에너지솔루션",
      "code_b": "079550",
      "name_b": "LG화학",
      "correlation": -0.624,
      "type": "음의 상관"
    }
  ],
  "summary": {
    "total_stocks": 10,
    "total_pairs": 7,
    "strong_positive": 1,
    "strong_negative": 0
  }
}